function h = dm2dh(dm)
% position M1B to HP coordinate system
XYZ2HP = [-0.45302	0.517744	-0.72575	1.934433	-1.14293	-2.02285;
0.453021	0.517744	-0.72575	1.934433	1.14293	2.02285;
-0.22187	-0.6512	-0.72575	0.02259	2.246733	-2.02285;
-0.67489	0.133456	-0.72575	-1.95702	1.103803	2.02285;
0.67489	0.133456	-0.72575	-1.95702	-1.1038	-2.02285;
0.221869	-0.6512	-0.72575	0.02259	-2.24673	2.02285];

% % force
% HP2XYZ = [-0.45302	0.45302	-0.22187	-0.67489	0.67489	0.22187
% 0.51774	0.51774	-0.65120	0.13346	0.13346	-0.65120
% -0.72575	-0.72575	-0.72575	-0.72575	-0.72575	-0.72575
% 1.93443	1.93443	0.02259	-1.95702	-1.95702	0.02259
% -1.14293	1.14293	2.24673	1.10380	-1.10380	-2.24673
% -2.02285	2.02285	-2.02285	2.02285	-2.02285	2.02285];

% Th = -HP2XYZ; %M1B XYZ to M1B HP


h = -XYZ2HP*dm; %position M1B to HP in M1B coordinate system

% h = Th\dm; %position M1B to HP in M1B coordinate system