function h = dm2dh(dm)
% position M1B to HP coordinate system
XYZ2HP = [-0.45302	0.517744	-0.72575	1.934433	-1.14293	-2.02285;
0.453021	0.517744	-0.72575	1.934433	1.14293	2.02285;
-0.22187	-0.6512	-0.72575	0.02259	2.246733	-2.02285;
-0.67489	0.133456	-0.72575	-1.95702	1.103803	2.02285;
0.67489	0.133456	-0.72575	-1.95702	-1.1038	-2.02285;
0.221869	-0.6512	-0.72575	0.02259	-2.24673	2.02285];

h = -XYZ2HP*dm; %position M1B to HP in M1B coordinate system